护照颜色13143  23314  13143  13424  32421  42432
奥赛罗  33132 24214 24324 21422 24234 44323
中国工商银行卡42142  43242  14222  42342  12214  42442                  
地动仪 43432  31131  44243  24214  24324  24241 
太监 34243  24231  32131  43132  13131  31112
信用卡42142  43242  14222  42342  12214  42442
海市蜃楼43313  21314  31321  31313  41434  34323
农产品栽培  14311  13133  34113  23132  13124  21424
人的心脏有几个心房心室 13143  13213  33134  12343  41231  13144
尿液43232  32124  42433  13213  14313  21313  
广东...罗浮山亿什么命名12122  43424  32423  13213  14313  21333
中国专利权限 21214  13313  22421  42432  42142  42423
内蒙草原上的芨芨草最高达几米44424  22334  42124  21414  13143  13213
马拉松跑步和...有关22242  34312  21342  43242  31321  31431          
英国...为君主立宪制奠定了基础 13413  34341  23113  14424  32421  42432
玛祖卡是哪里的民族舞蹈 31234  41142  31321  31242  14243  24214
眉毛的生长周期21244  24331  32131  43132  13131  34111
露天博物馆在哪个城市21344  31242  14241  31431  32131  43111
第一个排球是什么演变的43422  42113  14313  21314  31313  12321
瓯绣32421  42224  23432  32341  24424  33132
史记32131  24214  24324  21424  24244  21221
光学玻璃 21131  43132  13143  11131  23232  12141
哈雷彗星32133  31341  12332  41311  31442  43242
五四运动24324  21424  32424  24223  34421  24214 
送灶神31321  31431  11312  31411  42313  31322
歌剧起源14311  13123  11212  34133  13224  21424
法律答问 14243  24442  41213  44312  42242  11314
尼日河 32421  42224  24431  22434  24324  23132
西印度群岛 11314  42432  42142  43242  42412  14141
结义  24131  43132  13143  11131  33341  14231
钻石  24324  21424  32444  24121  41412  34224
玫瑰紫色  13143  23314  13143  13424  32421  42432
长江长度  13143  13213  13131  12233  14131  43134
维生素   33241  31431  34243  24214  24324  24242 
三国结义/桃园   24131  43132  13143  11131  33341  14231
藕是莲的/茎 42424  12141  41234  22421  13143  13213  

